NumberOfStations: 8
STATION_NAME #RECORDS LON LAT
station_name1 3 7 44.5
20081103 1.11
20081103 1.11
20081103 1.11
station_name2 5 7.5 44.6
20081103 6.11
20081103 2.11
20081103 1.41
20081103 3.11
20081103 1.11
station_name3 3 7.6 44.3
20081103 6.11
20081103 1.11
20081103 3.11
station_name4 3 7.2 44.5
20081103 1.11
20081103 2.11
20081103 3.11
station_name5 3 7.5 45.2
20081103 1.11
20081103 1.11
20081103 3.11
station_name6 3 7.3 46.2
20081103 6.11
20081103 2.11
20081103 1.41
station_name7 3 7.2 45.4
20081103 1.61
20081103 2.11
20081103 1.11
station_name8 3 7.8 45.2
20081103 1.11
20081103 1.41
20081103 1.11
